3.416748046875000000e-01 2.669332142029539473e-02 -1.182257174192540353e-02 1.812359869439316221e-02 1.730370484261928993e-02 -9.722521878797661622e-04 7.013197078540943374e-03 -1.072187826196207422e-03 -4.905108089311747271e-03 2.625696957667927444e-03 1.917112858124037653e-03 5.618032019593349746e-03 1.977839618594442322e-02 -3.185353683900332775e-03 -2.820536511169967364e-04 -1.336470142172770104e-02
2.912798903271109768e-02 3.940429687500000000e-01 7.019341637254719601e-02 -5.208232875952950938e-03 -2.819921636808473547e-02 1.069923144237079349e-01 -3.819542440534758748e-02 9.312729784339748157e-04 -1.542365844697613647e-02 -3.393914388179933989e-03 3.576503474975341584e-03 5.717537341512209104e-03 3.760882559130861950e-04 1.480990565596064686e-02 -5.592122178861622279e-03 1.281665696168258692e-02
-6.005752791448459339e-03 6.333648260863301849e-02 7.602539062500000000e-01 1.731915435267717893e-02 1.421692868179866460e-02 -5.251710853667455881e-02 3.828790252335655814e-02 -7.855656040498324236e-03 1.408864836476914420e-02 -4.719345533563084998e-03 -1.448270462799025647e-03 -4.650238369574602806e-03 -4.534472533602081903e-04 -4.583693054842240787e-03 2.471134886871325341e-03 -6.577232947296936770e-03
2.038990319424437148e-02 -6.988428967093982674e-03 2.118288708321569569e-02 1.263427734375000000e-01 -7.075694871368849899e-04 -3.429342965116162489e-03 -1.776051669071564143e-02 2.822027377733616910e-03 3.784028227270483293e-03 -2.058424576836717819e-03 1.468985256449242176e-03 7.095566531701769835e-04 2.012885646225531268e-03 3.119996340838707832e-02 -1.533812398600285440e-03 1.616631936578107054e-02
1.324485707919596453e-02 -1.684025004799045988e-02 2.553554065928224232e-02 1.596662009076574122e-04 3.676757812500000000e-01 6.265582245728798516e-02 -1.282972007081335103e-02 2.800806605864672536e-03 4.938485702359361740e-02 -5.178244835962906786e-03 3.992894735902847644e-03 -2.562360868967707150e-02 -6.443701677483541085e-03 -7.421130961596656209e-03 6.952061861548407100e-03 7.230711907658495582e-04
5.828669336654992809e-03 9.933423130936872014e-02 -4.558206855468492635e-02 -5.373964903332336188e-03 7.239099490365774603e-02 5.653076171875000000e-01 7.609656533262068590e-02 -2.504640863195513258e-04 -1.249747321786907894e-02 2.111098677272324475e-02 -2.190318411316238140e-03 -2.832323410251887889e-03 3.360675571153414962e-03 -2.008355389158266585e-02 1.555216180092054354e-02 -1.381462033680659098e-02
-3.792523898997606294e-03 -4.130271883277444184e-02 5.176235291052738718e-02 -4.409025634186593441e-03 -1.255308671521110364e-02 8.613376517468492033e-02 6.528320312500000000e-01 1.344418637333459621e-02 -7.647922008338604687e-03 -1.282936316557550067e-03 3.174040971301984090e-03 1.251982886768785927e-02 1.219854602119851278e-02 2.246259609973190734e-04 -5.820541408704651976e-03 -1.371499855143924404e-02
-5.266438863431269213e-03 5.073504685668764336e-03 -2.364605395704386798e-02 4.763904125955313248e-03 8.976627685907373477e-03 1.097114188049177867e-02 1.652313918678009752e-02 1.789550781250000000e-01 -1.092225366565998095e-03 -6.942534863432141094e-04 -5.914329379032483096e-05 1.026905521472501817e-02 1.094136393425902860e-03 4.445052865655514402e-04 2.294537355721138448e-03 1.591914669250632172e-03
-7.863780284573969326e-03 -3.132445567764857025e-02 1.587080743376845932e-02 -1.559804310821947962e-04 5.408026969062750683e-02 -2.426273819507324819e-02 -1.013333462650447755e-02 -6.147610854527255347e-04 4.312744140625000000e-01 5.097441201391886972e-02 -1.119917254427821481e-02 1.024223942894138678e-01 7.087984858559194523e-02 4.108033568581281533e-03 -7.157322831678527078e-03 -5.425992134941664408e-02
2.097523931987299844e-03 8.600203720341535393e-03 -8.556775805969422249e-03 1.849650170909205183e-04 -3.872188392520907636e-03 2.119749874834365999e-02 2.366981509145943061e-03 4.847716889575746360e-05 4.777952396005195890e-02 1.827392578125000000e-01 1.448919300876656824e-02 -4.702159293773024162e-03 -1.504632697748251643e-03 2.718939579339051463e-02 -2.836052966666474662e-03 7.642465409525941999e-03
-3.552690368904583371e-03 -2.785672372058933897e-03 -2.154968138327617317e-04 -2.031211517595207360e-03 -1.292076431189108257e-04 -3.362360762975975369e-03 1.169667095216002373e-02 -1.151458889939945582e-04 -6.428520659719633157e-03 1.114880113175254622e-02 1.962890625000000000e-01 5.905430261025447491e-02 3.201086495374629026e-03 -1.260451721517128918e-04 1.553883937416139331e-03 -2.906128776319172585e-03
6.315616012248015561e-03 7.856825177867503285e-03 -9.981647583725335171e-03 -1.293525688581809640e-03 -2.621191492391808375e-02 9.806029752118953016e-03 1.064300522653709689e-02 6.297250771216816867e-03 1.005540108372430658e-01 -1.022017111215403444e-02 4.919092106227535011e-02 6.134033203125000000e-01 -3.246111245829901015e-02 -2.395079329568932953e-03 2.828116141909739912e-03 2.897060894044288168e-02
1.998457798216177195e-02 4.807836184106933052e-03 -7.765354117397790627e-03 -3.852854086958017350e-03 -5.891038394203007393e-03 1.201073502387105599e-02 1.890769524205119373e-02 -9.772160356395958106e-04 7.649426352439968324e-02 -4.283042837159471879e-03 3.082733784107600291e-03 -3.367870091922574999e-02 7.613525390625000000e-01 2.884218881500015541e-02 -1.874318160598887131e-02 4.664672163333431765e-02
-3.187203905841237087e-03 7.948984464989275467e-03 6.653709673422195450e-03 -2.971887417388196584e-04 -3.616495797245997904e-03 -2.921753316157195760e-02 -2.158509209296360053e-03 3.515548651570824922e-03 1.754713566851112683e-03 1.976960657062712748e-02 -5.647360841377951825e-04 -5.471860311294018606e-03 3.057437275920160680e-02 3.083496093750000000e-01 3.111883045513154714e-02 -1.396440423449704996e-02
6.054714919660742194e-04 -2.634769412944445478e-03 -5.956794256854040272e-04 -5.754026214371072085e-04 5.018698662789490214e-03 2.306029120025856333e-02 1.298410478217833014e-03 9.336393985030736354e-04 9.464699615001367569e-03 6.216784884218949083e-04 3.100292064646726384e-04 -3.619259689514391434e-03 -2.016945313088301661e-02 2.532957125660765044e-02 3.514404296875000000e-01 1.735558476210038309e-02
-1.463354868713639609e-02 2.617803706758116151e-03 -6.401794218435113461e-04 1.380320123600791045e-02 2.703122320599807196e-03 -1.834477972786757727e-02 -1.270096424165134685e-02 1.553644117126502799e-03 -4.339565188331574730e-02 -1.245844389660781580e-03 -2.076086232493088140e-03 2.929071406362639476e-02 4.282919175548355328e-02 -1.157322857072982589e-02 1.821896368125364846e-02 7.680664062500000000e-01
