3.178728910573845212e+01
3.132088087226151174e+01
2.998066882798945443e+01
2.650939997522860025e+01
1.914107209270784438e+01
1.584758113372355304e+01
1.257882043023205298e+01
1.206971058155126997e+01
1.214379029737889759e+01
1.098795410640889791e+01
1.099843142401227247e+01
1.109154085499187659e+01
1.053543673642300504e+01
1.120367339684271535e+01
1.096191870116149758e+01
1.159088303664317010e+01
1.103820983995560212e+01
9.621666372452436278e+00
1.010331522318471364e+01
1.019956630656923835e+01
9.371108006064417850e+00
8.307180543063616085e+00
9.402160537824553188e+00
7.334864727857559608e+00
8.058757918889442706e+00
8.057096521945465994e+00
7.602078328444481059e+00
7.239810509264655636e+00
7.649359120105597931e+00
6.972985935424217629e+00
6.717778169913003694e+00
7.331264662540548649e+00
6.774483522485319043e+00
5.406918833012920089e+00
6.612298426847941002e+00
5.722853885283307740e+00
5.885365469982652975e+00
6.063528385229973061e+00
5.892350653852772346e+00
4.308010823427616209e+00
5.290501122631488862e+00
4.057887982584250430e+00
3.698182640993376680e+00
3.980187154848572106e+00
4.283161646603899086e+00
2.684602683885779939e+00
3.211045932504344780e+00
2.584293769858078349e+00
2.991664882147536897e+00
3.074508689479099388e+00
2.752147833628287188e+00
1.381585852269929138e+00
1.842533577594778205e+00
2.438392857373523626e+00
1.605923679822719663e+00
1.695847373595137153e+00
1.032856565965747375e+00
1.351287909240573848e+00
2.319487698676150345e+00
2.636100199613146344e+00
2.043440028312284884e+00
2.500371908595524495e+00
1.075542575403243717e+00
1.491383790632679895e+00
1.752965499256909254e+00
5.339671600028672582e-01
6.151096084654277263e-01
6.982785482651352460e-01
6.069348620302923436e-01
2.435537479590754728e-01
3.655321600376310043e-01
3.570256456263066203e-01
3.132043311576447886e-01
3.304520522153204798e-01
3.871583296679554920e-01
4.622617612510070417e-01
1.191091873609802926e-01
7.004109683071991554e+00
6.070717608619419892e+00
6.663627096944714445e+00
7.301382342846467033e+00
7.540242877132413923e+00
7.383526045190424547e+00
5.133475313527458894e+00
2.837195264814557749e+00
4.442590947573807014e+00
4.712199469628746584e+00
3.301501082032249901e+00
4.325485990760800648e-01
2.242891428166616130e+00
1.863272689511580982e+00
2.030004803648667977e+00
1.758105014815898759e+00
1.675743437986123130e+00
1.309910055214061675e+00
9.509255874875535142e-01
9.539059411619575934e-01
8.970025054832995171e-01
7.414099971618521856e-01
1.464784304902367884e+00
5.200566794378451707e-01
5.075395385612143651e-01
1.894385153556239765e-01
7.538245725457676238e-02
8.336104029133666049e-02
-8.226540286033406923e-02
-1.810183506675919207e-01
-3.393398008343944533e-02
-3.194785268856989435e-01
-2.233188865231389708e-01
2.615055193205451101e-02
1.154953708379028998e-01
-1.084948909918276583e-01
-2.624213149435513509e-02
-1.987232601511597918e-01
-3.143301314714700978e-01
-2.037983464295720915e-01
-9.970386130813120584e-02
-1.998683585910333294e-01
-1.871896032161160239e-01
-2.533159257040016321e-01
-2.931397090558535146e-01
-2.990489941103536276e-01
-3.486942987997955212e-01
-2.908051211999747587e-01
-3.950000057308561963e-01
-3.316870291057162912e-01
-4.341432098022431907e-01
-4.133657124091835167e-01
-4.354394657342146591e-01
-4.091825568937467184e-01
-4.258390510348809554e-01
-1.196630063481131240e-01
-2.765553294709739429e-01
-3.024788311450467004e-01
-2.911147595041430058e-01
-2.670874835335232400e-01
-3.169361925674163971e-01
-3.726163533649634041e-01
-2.747232101806981186e-01
-2.159441697556314099e-01
-4.022379735136694667e-01
-2.448273204486005050e-01
-1.206882865336873362e-01
-1.258268043225511668e-01
-6.741837424422522651e-02
-1.715159078104114276e-01
-3.261901579941080265e-02
-1.909573916121644621e-01
-1.039025681037096943e-01
-9.358753032749962675e-02
-3.752074070715535892e-02
1.218197017829092121e-01
2.461583042973880878e-02
-1.307397396620533225e-01
-1.173577661861791299e-01
-4.312240840486922244e-02
-4.970080146331729010e-02
-5.672888138655490797e-02
-1.459510344002832305e-01
-1.439489806232050473e-01
-1.815462243352277683e-01
-1.752360521363423573e-01
-1.132986901941151620e-01
-2.312362323482143045e-01
-2.389756332045716580e-01
-1.935802497760052698e-01
-1.870813412480976934e-01
-2.009794350155790776e-01
-2.089661659984577979e-01
-1.801697735501084363e-01
-2.155655353317311174e-01
-2.011101520928579856e-01
-2.153893502624300016e-01
-1.222269267837000489e-01
-1.614729521153989988e-01
-1.771159555802737928e-01
-7.909892214222778717e-02
-1.914848842262596718e-01
-1.404201699908792234e-01
-2.701758886781602254e-02
-2.131911203012625822e-01
4.254166599490651762e-03
-3.637674698856484951e-02
-8.849500026466895763e-02
3.937653565293184471e-02
-1.632866630167787991e-01
-2.015930867844037966e-01
-1.688484695928436641e-01
-1.527726957936483831e-01
-7.426967015932902164e-03
-6.268112510496390288e-02
-1.417813223521571797e-01
-1.404919280997804776e-01
-1.177420881319731633e-01
-1.096541189762387514e-01
-7.973833813086281253e-02
-1.361590331231245232e-01
-1.181260830163723824e-01
-7.824783218504290094e-02
-1.067687262970977297e-01
-1.298943848766904996e-01
-1.188739485616026881e-01
-1.473517347468124850e-01
-1.574191315004467295e-01
-9.980401454323176158e-02
-1.309777004251169163e-01
-9.453910674484845844e-02
-1.475516686828108048e-01
-2.503373705988904893e-02
-8.219565486897957574e-02
-2.813542002080146598e-02
-1.270523521417656898e-01
-1.031261588204962915e-01
-8.931409743561455339e-02
-9.833040362015631197e-02
-1.461288091458901039e-01
8.521353977572070082e-02
-1.100112526247557065e+00
3.604178874169658986e-01
4.424431789731236853e-01
2.999611790232004083e-01
1.627860224045123982e-01
9.849123159776600189e-02
2.395518425929304140e-01
2.535587385524144532e-01
-1.253831662562993887e-01
1.574422229986389976e-01
1.252484615119477951e-01
8.173248430983276469e-02
7.140746433593543607e-02
-6.725813662874287335e-02
-2.695456723985752145e-03
6.657901495126013203e-02
-5.167487865064180480e-02
-1.867119333104658163e-02
-9.876708763029273808e-02
-1.479438204716586325e-02
-1.751664724100835402e-01
-2.103733354301654535e-01
-1.437101018745164382e-01
-7.640149949850619238e-02
-1.631027351394375990e-01
-7.540074522831183290e-02
-2.233130133533040573e-01
-2.258753883539500185e-01
-1.145645841703639700e-01
-2.015853544204558034e-01
-2.421799857921176913e-01
-2.390583920806333418e-01
-1.704310263960320260e-01
-1.076621253957313479e-01
-1.220621583597867321e-01
-1.603387408763111144e-01
-2.442579784633339968e-01
-2.234372937886332511e-01
-2.346476586426007593e-01
-2.360778655231321466e-01
-2.350995089137171701e-01
-2.498784123525582546e-01
-2.431219369401169950e-01
-2.509047194734805863e-01
-2.374926831592391596e-01
-3.187488057243431649e-01
-4.035699755334591909e-01
-3.683213612099056067e-01
-2.608571903677561754e-01
-2.483175011413958633e-01
-3.278413668129466774e-01
-3.090153974731457143e-01
-2.700862453520641582e-01
-3.839048092992803363e-01
-3.431357716987171180e-01
-3.672591232549560769e-01
-3.795534642745061471e-01
-3.822266243923480578e-01
-3.461066532000732221e-01
-3.448602646366575319e-01
-3.511425766769273316e-01
-3.648709919114213052e-01
-3.062247911590844085e-01
-3.523130189524276701e-01
-3.415028992467390445e-01
-3.202698162230221968e-01
-3.752698127875207512e-01
-4.052449854287575315e-01
-3.725605600668950856e-01
-4.243599740872220916e-01
-4.417220563278063672e-01
-4.016944875514307789e-01
-3.475828509804544386e-01
-4.177688655672737172e-01
-3.820608858854362966e-01
-3.558706812614505499e-01
-3.281615375525944178e-01
-3.249138427681687591e-01
-3.385908272749131864e-01
-3.314000139372853537e-01
-3.581561534735211438e-01
-3.497998031104275207e-01
-3.410702789762514175e-01
-3.295091848132479795e-01
-3.265034277499954118e-01
-2.919879102310148911e-01
-2.930176080733765676e-01
-2.921660486214303631e-01
-2.807856412136203739e-01
-2.817554555156420171e-01
-2.935732750634176824e-01
-2.835522029851076931e-01
-2.568042608272394500e-01
-2.775181023272706438e-01
-2.854932766761107965e-01
-3.076485720806939606e-01
-2.992168552091871159e-01
-2.895906660934859378e-01
-2.950359550208128123e-01
-2.952393231204740176e-01
-2.935525477773917036e-01
-3.187977286776749741e-01
-3.604875497387968752e-01
-3.511398943391106364e-01
-3.511170817434510205e-01
-3.456860845214759226e-01
-2.452487858220971650e-01
-2.770249323829385157e-01
-1.997168709179303336e-01
-1.420511968398895097e-01
-1.455431009327489145e-01
-1.377736994113248903e-01
-3.772788376895057361e-02
2.180040675792181415e-01
1.236056357296480224e+00
-2.650891488316007294e-01
-2.768753487650963963e-01
-7.189791075087491601e-01
-4.688358985082211605e-01
-3.841452688158727424e-01
-3.551109957729413624e-01
-3.540644957036415130e-01
-3.380386039020296107e-01
-3.196041271316453214e-01
-3.224665084109656910e-01
-3.165312247094135278e-01
-3.281100796057994096e-01
-3.192212146977672638e-01
-3.276626878745774185e-01
-3.319172244170403019e-01
-3.403518857140577225e-01
-3.187983924380391465e-01
-3.230380204973003488e-01
-3.244355892826725207e-01
-3.209662660132671652e-01
-3.242451099935520498e-01
-3.174470331483540964e-01
-3.169708212433422490e-01
-3.270885186683410439e-01
-3.291783338323571728e-01
-3.276102877914119360e-01
-3.157046177465865910e-01
-3.119930002875593855e-01
-3.202353151181288049e-01
-3.251935755143411377e-01
-3.277515469460058894e-01
-3.223197114988288758e-01
-3.271089354805354898e-01
-3.344365324276253326e-01
-3.382861549408900936e-01
-3.291003384542918186e-01
-3.203583578535695864e-01
-3.005762653826938302e-01
-3.071183852693840644e-01
-3.082354259971873955e-01
-3.139073232219183329e-01
-3.140434714019987861e-01
-3.167554745182012965e-01
-3.038050380179754262e-01
-3.118123862159705162e-01
-3.069244930560141582e-01
-3.076013448230444092e-01
-3.046170982264962968e-01
-3.650776063119383075e-01
-2.954032158947380582e-01
-2.951023395250242931e-01
-2.616402105261418920e-01
-2.847121356802023717e-01
-2.773362919093189105e-01
-2.500526015841466609e-01
-2.783936660341189695e-01
-3.032418916214915106e-01
-2.998725690251956011e-01
-3.055609799395856974e-01
-3.052323623020419263e-01
-3.074471163340271596e-01
-3.090349208028495553e-01
-3.038867614891238578e-01
-3.025534122450768137e-01
-2.756148406839901699e-01
-2.998637362132777762e-01
-3.093771493932340744e-01
-3.005525485952633136e-01
-2.892431979539183962e-01
-2.963084559240076188e-01
-3.084608998650754108e-01
-3.511369276345580048e-01
-3.221936664995023181e-01
-3.224818198720080242e-01
-6.244517864239490512e-02
-3.598033601597846465e-01
-3.427041469051766986e-01
-3.492062428490273485e-01
-3.475038161798979508e-01
-3.559318275185889835e-01
-3.463598954454703005e-01
-3.389738325693986143e-01
-3.252544668261859728e-01
-3.273971600662012316e-01
-3.462643386436159432e-01
-3.431693756119807981e-01
-3.096331489027056572e-01
-3.401479212598684243e-01
-3.433148566220924347e-01
-3.509783113552475409e-01
-2.378127180907171345e-01
-2.474605554464654744e-01
-2.337765448490541076e-01
-2.161614133148922756e-01
-2.030553143198243760e-01
-3.538968220381146779e-01
-3.406530729997774842e-01
-3.495605556302983086e-01
-3.540889796893801900e-01
-3.459092682273469110e-01
-3.319521869855392437e-01
-3.285148554758878237e-01
-3.622160740857574002e-01
-3.659359784514084057e-01
-3.648984973111763508e-01
-3.515883432914715945e-01
-3.618049619710868026e-01
-3.643760765724690098e-01
-3.582169159795404179e-01
-3.532775859007651897e-01
-3.599097537053910778e-01
-3.692342123018339528e-01
-3.534892105949189456e-01
-3.608122779390975365e-01
-3.585895523407226504e-01
-3.559233259507996738e-01
-3.405557175819603488e-01
-3.326710626296332518e-01
-1.152839096649072720e-01
-7.867973782513301706e-02
-1.940575271257205525e-02
-3.398499537430162976e-01
-3.389383402386018096e-01
-3.392710831393614401e-01
-3.577624158592747627e-01
-3.607142839277417412e-01
-3.546741060514429500e-01
-3.625939172020655743e-01
-3.648132039366295265e-01
-3.712657914639121981e-01
-4.002407625519259771e-01
-3.975911954586760499e-01
-3.565615847571684816e-01
-3.479163859815230797e-01
-3.578321182807839840e-01
-3.590364218767027049e-01
-3.669242110711818383e-01
-3.770693897104404058e-01
-3.732791330353926185e-01
-3.664713377256930693e-01
-3.643734631065232432e-01
-3.696692163246564911e-01
-3.683138007266186786e-01
-3.775141014990337496e-01
-3.590606991172368700e-01
-3.680758162604222394e-01
-3.629217588226859026e-01
-3.781929294708528677e-01
-3.798452742191561482e-01
-3.846420071936481611e-01
-3.896319902595700713e-01
-3.825810542558426008e-01
-3.766578219912746217e-01
-3.791306722141049024e-01
-3.846282046068535410e-01
-3.847001223503748735e-01
-3.784876492429102290e-01
-3.828338167122797842e-01
-3.850775508204853370e-01
-3.812538554814794978e-01
-3.803880895818875230e-01
-3.850277469696443688e-01
-3.851197825492597149e-01
-3.851990544253522386e-01
-3.795767645576777483e-01
-3.726608446966734878e-01
-3.689997242725158166e-01
