-1.304820380902889987e+01
-1.396979357203938754e+01
-1.587642916780727020e+01
-1.767531444787907446e+01
-1.917238256431866361e+01
-1.998409501404893973e+01
-2.045930376531497785e+01
-2.123939453409038336e+01
-2.168230008545369714e+01
-2.188767343406080101e+01
-2.204787930938508467e+01
-2.238649015237449191e+01
-2.257713734556023510e+01
-2.262185849212503541e+01
-2.272518947514044640e+01
-2.277485398587808874e+01
-2.276003089458932394e+01
-2.287149508164566925e+01
-2.288547948977079471e+01
-2.287811809590029100e+01
-2.301267813612267688e+01
-2.294537666694404265e+01
-2.299797238204341809e+01
-2.300385724076047822e+01
-2.297385094419414031e+01
-2.302893634586335736e+01
-2.300033339131829990e+01
-2.301363588754571765e+01
-2.304661179030338403e+01
-2.302586299335614939e+01
-2.303164019691542208e+01
-2.304372173862203610e+01
-2.303107420399636496e+01
-2.304550636302517574e+01
-2.306064437442232418e+01
-2.304728236028585542e+01
-2.303796228914479371e+01
-2.304643940274011271e+01
-2.304330200531794048e+01
-2.305752780570108129e+01
-2.303891230617654884e+01
-2.306913803256561835e+01
-2.304289889954815251e+01
-2.303930826353683159e+01
-2.304058649134172398e+01
-2.305792017990479081e+01
-2.306487872812823881e+01
-2.305665653918439872e+01
-2.306433068179614310e+01
-2.305856536614197694e+01
-2.306465775589332878e+01
-2.305492131040778858e+01
-2.306156554697542305e+01
-2.304685953935433673e+01
-2.305801695487376790e+01
-2.306754885993699133e+01
-2.305985230043652479e+01
-2.306800621735979462e+01
-2.306489097895554252e+01
-2.306788936515624044e+01
-2.306267494817416619e+01
-2.305327947332478900e+01
-2.305595740265662030e+01
-2.305310621775720037e+01
-2.306123843754385661e+01
-2.306594274954200330e+01
-2.306365513931601541e+01
-2.307273385625952500e+01
-2.306000129410849198e+01
-2.305372404351155424e+01
-2.305418912375157703e+01
-2.306161022613582645e+01
-2.305667656207479155e+01
-2.305372056249154156e+01
-2.305668080827692634e+01
-2.307063765175521297e+01
-2.306499799157843356e+01
-2.306103985600509176e+01
-2.306512580888047736e+01
-2.305834854462518280e+01
-2.305042923739297933e+01
-2.306939332376735052e+01
-2.306187561633888450e+01
-2.305734464162257069e+01
-2.306605556109647992e+01
-2.305327757335907535e+01
-2.304939564749919612e+01
-2.306224489992218096e+01
-2.306830802902454636e+01
-2.305369205301202484e+01
-2.305100549560822643e+01
-2.305255172289566801e+01
-2.305770558946574766e+01
-2.306139898562523172e+01
-2.306581352084914016e+01
-2.306327954793971813e+01
-2.306297271460936926e+01
-2.306354729216880983e+01
-2.305471165277528556e+01
-2.306286621454553654e+01
-2.305645769680988977e+01
-2.305332394605974855e+01
-2.306280353444396525e+01
-2.306163888665485473e+01
-2.306449945731000639e+01
-2.305597504917758300e+01
-2.305699416769406085e+01
-2.306078954543514214e+01
-2.305482724223678659e+01
-2.307018375529762366e+01
-2.305854746521841392e+01
-2.306005530427009376e+01
-2.306315220469236138e+01
-2.306016550921308905e+01
-2.306352618012432387e+01
-2.306278308355673801e+01
-2.306508304896236083e+01
-2.306154676074140042e+01
-2.305916825091828670e+01
-2.305401149323425969e+01
-2.305933710043169071e+01
-2.306023265974351588e+01
-2.306121129255560831e+01
-2.306316539607651350e+01
-2.306301417904637319e+01
-2.306593830973129400e+01
-2.306444852539467050e+01
-2.307136324860573851e+01
-2.306169524352733546e+01
-2.305688315904770747e+01
-2.305774615847445830e+01
-2.305801443004519058e+01
-2.306188248705158017e+01
-2.305615786925794808e+01
-2.307029571467576190e+01
-2.305816329246506768e+01
-2.305935372046976184e+01
-2.305569609718698842e+01
-2.306319514202287024e+01
-2.306205966289461884e+01
-2.306483674591632393e+01
-2.306205418775818927e+01
-2.305974666796854322e+01
-2.306945345307860151e+01
-2.306320682569180391e+01
-2.306411960452573950e+01
-2.306164722213801710e+01
-2.306175886179929790e+01
-2.306592053322938440e+01
-2.306191569239481254e+01
-2.305899180647957181e+01
-2.306979869469714828e+01
-2.305835703558463123e+01
-2.306126003712076411e+01
-2.307243576589911171e+01
-2.306657277727031641e+01
-2.305789408084832814e+01
-2.307021434356605738e+01
-2.306469250205169530e+01
-2.306503599400915405e+01
-2.306883377664056667e+01
-2.305568586932015407e+01
-2.306291712789820636e+01
-2.305571234940979863e+01
-2.306480161339484525e+01
-2.305788789435977293e+01
-2.305798455826121796e+01
-2.306174674175216666e+01
-2.306043791158196044e+01
-2.306409804258235852e+01
-2.306410809002004569e+01
-2.306206086677817524e+01
-2.306301732984503161e+01
-2.306454446484808685e+01
-2.305653443824191484e+01
-2.306445031117033295e+01
-2.305675760553681286e+01
-2.306038772491054090e+01
-2.305934294616742264e+01
-2.306452459232560770e+01
-2.306623241021502935e+01
-2.306285093584348544e+01
-2.306744574372238077e+01
-2.305857387865204444e+01
-2.305435815672143463e+01
-2.306275874296019168e+01
-2.306384654180692451e+01
-2.306536925824337914e+01
-2.305558297638113885e+01
-2.306348682643311676e+01
-2.306081733567568293e+01
-2.306098963858727302e+01
-2.305875669500552760e+01
-2.305997866608843694e+01
-2.305540952954873646e+01
-2.306223931319524922e+01
-2.306577544093619281e+01
-2.305987437443923227e+01
-2.305963255548776658e+01
-2.306563133928110076e+01
-2.306113720056490024e+01
-2.305973787125575925e+01
-2.306417509349925155e+01
-2.305916742625901605e+01
-2.305949989460468075e+01
-2.305372001880713384e+01
-2.305223276112679187e+01
-2.306558295187373275e+01
-2.306288410509668552e+01
-2.306697761364485189e+01
-2.306143901838374433e+01
-2.306938632090941965e+01
-2.306133330179215690e+01
-2.305385658775829683e+01
-2.305729252705662091e+01
-2.306152465100554494e+01
-2.305604063863239617e+01
-2.306573187229542299e+01
-2.305764701086251378e+01
-2.306148186842572656e+01
-2.306252993783249039e+01
-2.306707597324901826e+01
-2.306475442466338066e+01
-2.305335874782410599e+01
-2.306612473772228711e+01
-2.305737870172368886e+01
-2.306379999826075888e+01
-2.306914357487516298e+01
-2.305866230140089357e+01
-2.306007977765514028e+01
-2.306585697513175504e+01
-2.306233794913695689e+01
-2.306795150131740613e+01
-2.305884799868697854e+01
-2.306198162754526493e+01
-2.306427240252685706e+01
-2.306221857854502844e+01
-2.306635689806743628e+01
-2.305917839357249477e+01
-2.306096418908427736e+01
-2.305981307708861294e+01
-2.306362175817128346e+01
-2.305438470741916035e+01
-2.306249728952668931e+01
-2.306577894767083592e+01
-2.305874921823395596e+01
-2.306060444950207966e+01
-2.305693099325370810e+01
-2.306638326197687761e+01
-2.306453029523357756e+01
-2.306363591662603341e+01
-2.305821231649638037e+01
-2.306020790872207016e+01
-2.305887845381704793e+01
-2.305995261628439863e+01
-2.306003864244426538e+01
-2.306043025050019324e+01
-2.305755656091822914e+01
-2.306730234818858349e+01
-2.306268281778584139e+01
-2.305976641552621231e+01
-2.306537881784897692e+01
-2.306264168627538780e+01
-2.306924177335903892e+01
-2.306498891498666737e+01
-2.306238819937818363e+01
-2.306686984400316831e+01
-2.306668367907275652e+01
-2.306270706159742190e+01
-2.305943113963299496e+01
-2.306878085602469142e+01
-2.306306938033990406e+01
-2.306405538934165378e+01
-2.306303330080854153e+01
-2.305688148725710107e+01
-2.306513120962301855e+01
-2.306622100982337287e+01
-2.306246762570200559e+01
-2.306505640979187888e+01
-2.305434697853996084e+01
-2.305814444829415066e+01
-2.306356439317257312e+01
-2.306288641835104158e+01
-2.306976240505396802e+01
-2.305806698476075667e+01
-2.306217093337246382e+01
-2.305723009014068836e+01
-2.306400954370090872e+01
-2.306676872960571600e+01
-2.306648085825679928e+01
-2.305854123625391594e+01
-2.305714181716302136e+01
-2.306140126400253720e+01
-2.306570857262320828e+01
-2.306200836876384841e+01
-2.306313255820593966e+01
-2.305724308713270077e+01
-2.305704339378577927e+01
-2.305681722068824158e+01
-2.305630367542383397e+01
-2.306414136201648191e+01
-2.306381568387985581e+01
-2.306178244891029294e+01
-2.305413360330033967e+01
-2.306618305940970615e+01
-2.305995321269088549e+01
-2.306374995200717848e+01
-2.306302029425656031e+01
-2.306343346066883626e+01
-2.306125395493613084e+01
-2.306453002927724327e+01
-2.306071167975687786e+01
-2.305844586233811810e+01
-2.306403543800712086e+01
-2.305939612118477200e+01
-2.306426939137021748e+01
-2.306334600339746999e+01
-2.306224489348084106e+01
-2.305817923516634238e+01
-2.306060024133222086e+01
-2.306130350341237900e+01
-2.306209452346153910e+01
-2.305912542935855214e+01
-2.306474845667041507e+01
-2.306296184386038561e+01
-2.306665009481555018e+01
-2.306546354702529911e+01
-2.306190101100313683e+01
-2.306429851991825331e+01
-2.305975829135116584e+01
-2.306261993450113224e+01
-2.306481302050483961e+01
-2.306468468040427666e+01
-2.306330461744219207e+01
-2.306634318658984384e+01
-2.306580320665738881e+01
-2.306025225371238463e+01
-2.305491218965455147e+01
-2.306498407346845525e+01
-2.306095347048232469e+01
-2.306181077582743910e+01
-2.306006892355797433e+01
-2.306380674528737984e+01
-2.305915930665242541e+01
-2.306220711441010707e+01
-2.306472405217746058e+01
-2.306375186467234784e+01
-2.305973090460891584e+01
-2.306243721517159173e+01
-2.306457162489503077e+01
-2.306105558230496655e+01
-2.306484539927495803e+01
-2.306302177591167535e+01
-2.306295351134674831e+01
-2.306294524137103252e+01
-2.306260662948762175e+01
-2.306492837112366345e+01
-2.306264123912545827e+01
-2.306450563188629133e+01
-2.305901810196236923e+01
-2.305998918609868653e+01
-2.306195387576221734e+01
-2.305711655074532374e+01
-2.306294845093648149e+01
-2.305857346995655277e+01
-2.306300101046975470e+01
-2.306199027439736327e+01
-2.306447339259983664e+01
-2.306167801074896673e+01
-2.306315682597487182e+01
-2.306774369109642819e+01
-2.305967727096046360e+01
-2.306051228283479659e+01
-2.306505893221188330e+01
-2.306029392806079770e+01
-2.306006102653816114e+01
-2.305989297124870419e+01
-2.306105441253355792e+01
-2.306552916963308064e+01
-2.305344864546104944e+01
-2.306500884205366120e+01
-2.306392198032057550e+01
-2.305817893915304850e+01
-2.305778599825003283e+01
-2.306563988584078118e+01
-2.306038373976173972e+01
-2.306386734287031715e+01
-2.306237641679791395e+01
-2.306638374406311698e+01
-2.306855056349965594e+01
-2.306042941245003419e+01
-2.306185672589678859e+01
-2.305973039102362065e+01
-2.306360411975222036e+01
-2.306143623566687850e+01
-2.306855865219053214e+01
-2.306348715250519987e+01
-2.306469698984104255e+01
-2.306228999243037592e+01
-2.305693682124393362e+01
-2.306672385902049527e+01
-2.306136714554038036e+01
-2.305803989086815520e+01
-2.306963985900749492e+01
-2.306299846875860382e+01
-2.306348424152007937e+01
-2.306406708715329401e+01
-2.306170875315494229e+01
-2.306466395211208464e+01
-2.305949457685375847e+01
-2.306656869261701814e+01
-2.306121490720224543e+01
-2.306008603887577024e+01
-2.306248595516175470e+01
-2.306706606707115625e+01
-2.306330876073343461e+01
-2.305897548109273032e+01
-2.306010857344861265e+01
-2.306042913910445336e+01
-2.306555823777100755e+01
-2.306196766393913933e+01
-2.306240051000091285e+01
-2.306053493043173930e+01
-2.306228102963410720e+01
-2.306686182228062520e+01
-2.306229180588014316e+01
-2.306064043551596754e+01
-2.306307424615780377e+01
-2.306490032120786182e+01
-2.306268945244442037e+01
-2.306075588007530897e+01
-2.306048656162133170e+01
-2.306364492588083692e+01
-2.306631406301784182e+01
-2.306014592183866441e+01
-2.305919507475601193e+01
-2.306193862787991478e+01
-2.305926968265312027e+01
-2.306500755437231120e+01
-2.306479767766867894e+01
-2.306091260174435575e+01
-2.306612726030795812e+01
-2.306631263591921766e+01
-2.306378354178807299e+01
-2.306169680644932996e+01
-2.306226838797598333e+01
-2.306702168604266845e+01
-2.306058676073815050e+01
-2.306907151044469018e+01
-2.306604820045693671e+01
-2.305998189253091013e+01
-2.306153579264816855e+01
-2.306361691060774533e+01
-2.306593031906918156e+01
-2.306576919930080294e+01
-2.306035749656414424e+01
-2.307046336914085316e+01
-2.306613709482390817e+01
-2.306141171205761253e+01
-2.306004027120152244e+01
-2.306318671191691294e+01
-2.306465571207334619e+01
-2.306182728768545331e+01
-2.306338672373869869e+01
-2.306115203126465474e+01
-2.306750251546867148e+01
-2.306260603516319208e+01
-2.306286331315072502e+01
-2.305735862988930407e+01
-2.306077792156910888e+01
-2.306111284811758821e+01
-2.306158412521625323e+01
-2.306146276683275786e+01
-2.305915645412189008e+01
-2.306465677016816684e+01
-2.306532385720782585e+01
-2.306080165552452499e+01
-2.306452024465949080e+01
-2.306420630922702486e+01
-2.306205981738503041e+01
-2.306074977339438092e+01
-2.306386963496788312e+01
-2.305821345976007919e+01
-2.306416622161120955e+01
-2.306530486584349404e+01
-2.306135101231732776e+01
-2.306292001618555076e+01
-2.306337274850420727e+01
-2.306235482932531511e+01
-2.306226090212157942e+01
-2.306485423820904757e+01
-2.306242536937100240e+01
-2.306306412184573773e+01
-2.306270906281633870e+01
-2.306443488718813128e+01
-2.306253329120299966e+01
-2.306603931235630967e+01
-2.306175264142074610e+01
-2.306332401076551974e+01
-2.306172809927798184e+01
-2.306355213218817468e+01
-2.306169677306890264e+01
-2.305869001316635902e+01
-2.306179089779844560e+01
-2.306073015809061744e+01
-2.306526336185761750e+01
-2.306523868621228601e+01
-2.306846460451068737e+01
-2.306705145414380453e+01
-2.306626158171547658e+01
-2.305979818021274497e+01
-2.306000450498991938e+01
-2.306294791051900006e+01
-2.306030007067624510e+01
-2.306544299031731171e+01
-2.306198173098457360e+01
-2.306312782987171062e+01
-2.306420916979229929e+01
-2.306112784051134668e+01
-2.306583158719172388e+01
-2.306187436764019694e+01
-2.306034238020826166e+01
-2.306586901725630767e+01
-2.306121610618907170e+01
-2.306179345892928012e+01
-2.306498362507392486e+01
-2.306357655308222476e+01
-2.306577719887148348e+01
-2.306338126821731294e+01
-2.306487802287113809e+01
-2.306513268480881607e+01
-2.306199586496475007e+01
-2.305989212856222537e+01
-2.306355775924662410e+01
-2.306146084061764867e+01
-2.306565632743789251e+01
-2.306366059681002767e+01
-2.306350082934282497e+01
-2.306060859504405158e+01
-2.306295186204932079e+01
-2.306480082743273030e+01
-2.306505036465160074e+01
-2.306460592861073522e+01
-2.306285847266427780e+01
-2.306732235760198790e+01
-2.306242167878291482e+01
-2.306502155918343178e+01
-2.306339987445906203e+01
-2.306381697704063427e+01
-2.306028791185081772e+01
-2.306724512763462087e+01
-2.306168876104161569e+01
-2.306356544912051731e+01
-2.306185101420732764e+01
-2.306344017567037952e+01
-2.306186917162566630e+01
-2.306317365636537531e+01
-2.306094925091533554e+01
-2.306216914612702240e+01
-2.306731841018212492e+01
-2.306032354227650671e+01
-2.306296779012418341e+01
-2.306244616076461895e+01
-2.306287844402496034e+01
-2.307062511945343530e+01
-2.306445647752056871e+01
-2.306337730316412760e+01
-2.306454960939436560e+01
-2.306622255666079724e+01
-2.306534366885040299e+01
-2.306304930001411435e+01
-2.306155624180578911e+01
-2.306107930174723819e+01
-2.306177160826133843e+01
-2.306021734317632976e+01
-2.306306836776411018e+01
-2.306183941563882556e+01
-2.306109864586947822e+01
-2.306163755755905598e+01
-2.306642720438197003e+01
-2.306568362245291226e+01
-2.305957131641398306e+01
-2.306643963456922819e+01
-2.305797123184657238e+01
-2.306388025915375906e+01
-2.306130590094948829e+01
-2.306079254066051121e+01
-2.306421369538702848e+01
-2.306468284067023333e+01
-2.306009415177874189e+01
-2.307987452063947131e+01
-2.306574775096384400e+01
-2.306076955779334980e+01
-2.306025674731812813e+01
-2.306474283557004767e+01
-2.306551255191252281e+01
-2.306277360543433730e+01
-2.306312453108634131e+01
-2.306185074650077027e+01
-2.306764322775840270e+01
