1.096936738663782801e-01
-3.084653251939235841e-02
-6.824597560867137758e-02
-1.016680132505839440e-01
-1.371405046373035952e-01
-1.664024578049765057e-01
-2.041114901604589027e-01
-2.376857247597514156e-01
-2.704733686569767426e-01
-3.014965707583303067e-01
-3.288979758243552043e-01
-3.530970959058072345e-01
-3.732998135413491680e-01
-3.910973871234038057e-01
-4.041479012627426926e-01
-4.170947000526193937e-01
-4.256067374601191222e-01
-4.336073458412801895e-01
-4.394549632234201475e-01
-4.468946616226437962e-01
-4.515302771634907009e-01
-4.486598056204813001e-01
-4.531965981597412263e-01
-4.522504060401645876e-01
-4.547527977096288421e-01
-4.542362769939058409e-01
-4.552434693587668058e-01
-4.595986862573729903e-01
-4.600864757069802469e-01
-4.625329225292852953e-01
-4.583684025927707295e-01
-4.571070440451784345e-01
-4.634270067672721649e-01
-4.617420776526938719e-01
-4.632277461263786256e-01
-4.628438679725014882e-01
-4.578807461076151442e-01
-4.592498114344065185e-01
-4.578102495807943040e-01
-4.555305739196491843e-01
-4.666746137352502100e-01
-4.670945410931959252e-01
-4.724685686409458296e-01
-4.715875042566049502e-01
-4.695392217257030598e-01
-4.687208762040503407e-01
-4.707593991800660960e-01
-4.727858483073875129e-01
-4.724954112634660031e-01
-4.766628061125735005e-01
-4.762364415700290898e-01
-4.781104805059246399e-01
-4.762101215637863927e-01
-4.631010750564025225e-01
-4.644699438851895290e-01
-4.657240372570209397e-01
-4.697971222769403710e-01
-4.641960339123251122e-01
-4.643996414227964942e-01
-4.644753182576888961e-01
-4.664944797255557996e-01
-4.636117218845775545e-01
-4.666228220484346378e-01
-4.664586816935984981e-01
-4.684445381335564096e-01
-4.708110376018830312e-01
-4.707516105930703576e-01
-4.719384050133597075e-01
-4.725964857629040283e-01
-4.745487888597503257e-01
-4.734745335111412712e-01
-4.751252595020477032e-01
-4.751792638082232845e-01
-4.743566936490087316e-01
-4.748365627988631599e-01
-4.743271599066127830e-01
-4.752794230339127957e-01
-4.745667055743773011e-01
-4.758021412320672106e-01
-4.766360144856955361e-01
-4.786154157256698460e-01
-4.805646327633957271e-01
-4.819855174136548626e-01
-4.822695997531185608e-01
-4.825301391723594846e-01
-4.820807634718036749e-01
-4.828002314580708276e-01
-4.834263013777585494e-01
-4.842315160325746382e-01
-4.853466051536324266e-01
-4.859512682637212588e-01
-4.863147273413946370e-01
-4.868883387978402144e-01
-4.875823910352313773e-01
-4.876131249893620456e-01
-4.881010326157408374e-01
-4.883598827796005737e-01
-4.883884633181784785e-01
-4.887243712581960109e-01
-4.891303145069207936e-01
-4.895014082780580478e-01
-4.896688123886384081e-01
-4.898208357858407913e-01
-4.900516801032350211e-01
-4.904430030958180642e-01
-4.903183279597792543e-01
-4.903129232170105878e-01
-4.907416413847468517e-01
-4.909236276291008561e-01
-4.912419523085921336e-01
-4.914597408942445456e-01
-4.917032952734878837e-01
-4.919969767804583949e-01
-4.920640929462827828e-01
-4.923171075489928272e-01
-4.923509219070865695e-01
-4.926888241524710610e-01
-4.926099619831548759e-01
-4.929264460193346076e-01
-4.929944943784786426e-01
-4.929110146099193734e-01
-4.932193312340761859e-01
-4.931342567889475115e-01
-4.931169095697278126e-01
-4.933387886176168191e-01
-4.934144742088854008e-01
-4.934250088886980579e-01
-4.933775581528939691e-01
-4.935781553414761991e-01
-4.936498876256785184e-01
-4.933741900027663885e-01
-4.935943131667957506e-01
-4.937801702900492251e-01
-4.938563342719825555e-01
-4.940175947806597079e-01
-4.939458964481777681e-01
-4.941465338783638250e-01
-4.943112736892767423e-01
-4.943628052900930769e-01
-4.945359433076483846e-01
-4.941586699947775885e-01
-4.940037033371398878e-01
-4.944159233603761527e-01
-4.945314410551028828e-01
-4.944115360762195710e-01
-4.942905706968638846e-01
-4.943642833865706798e-01
-4.945600961944697227e-01
-4.944652234008300451e-01
-4.945337972968570917e-01
-4.946768792319998775e-01
-4.947123825721209123e-01
-4.947705383830311998e-01
-4.947514455832743852e-01
-4.947739735563531638e-01
-4.948746237284676330e-01
-4.949802508117152056e-01
-4.946125351905961143e-01
-4.951100578454254997e-01
-4.949683999897349640e-01
-4.950194577144849672e-01
-4.950825753324841205e-01
-4.950436216857816984e-01
-4.951957921041372224e-01
-4.951296826462947553e-01
-4.950881348197032628e-01
-4.950225012748152298e-01
-4.951503323555058178e-01
-4.953896076046791497e-01
-4.950748423766835327e-01
-4.954207202201726390e-01
-4.953154928140426905e-01
-4.955006796071965702e-01
-4.954337605324048432e-01
-4.953750230869736759e-01
-4.953625448882372218e-01
-4.953640777755172753e-01
-4.952015678395308429e-01
-4.954192996137687932e-01
-4.953971753247853327e-01
-4.954106760791144870e-01
-4.954929580812107992e-01
-4.954881880513877235e-01
-4.954584143680306751e-01
-4.955341032922500055e-01
-4.954360427375348319e-01
-4.954646112868064667e-01
-4.955075485314741068e-01
-4.956099517029944890e-01
-4.954990553837416156e-01
-4.954365341205230755e-01
-4.955187608487081063e-01
-4.955876799847248049e-01
-4.954901626544378490e-01
-4.955125349750252872e-01
-4.957209659538562851e-01
-4.955605068007380987e-01
-4.958319835193803482e-01
-4.958772647866787620e-01
-4.959243268587643083e-01
-4.959531587522719165e-01
-4.958012394760574204e-01
-4.956895301116701624e-01
-4.958565490253563635e-01
-4.956885606484196516e-01
-4.955427575496308412e-01
-4.957722721563295742e-01
-4.958186427229995252e-01
-4.960292098732216326e-01
-4.958546437808091234e-01
-4.957179680501564989e-01
-4.958656292612034222e-01
-4.958739498543832114e-01
-4.960188453877665826e-01
-4.958921079147314837e-01
-4.958942834649335829e-01
-4.959069397044371108e-01
-4.958159900239580420e-01
-4.958617221448458623e-01
-4.958956744000592720e-01
-4.960327967474082445e-01
-4.958414402043475055e-01
-4.958173000573398714e-01
-4.959225096901993535e-01
-4.957016735932736617e-01
-4.958409208743341789e-01
-4.959469181237809998e-01
-4.958937439703343109e-01
-4.960283730114489753e-01
-4.959544141626301417e-01
-4.959102357442493614e-01
-4.957472629255571528e-01
-4.958235376031885355e-01
-4.959934344166208597e-01
-4.960326192938604439e-01
-4.960351747596324357e-01
-4.958743683812478209e-01
-4.960077552760921438e-01
-4.956766845362410856e-01
-4.959695283065804206e-01
-4.959122308664918877e-01
-4.957370826287387788e-01
-4.959349444306863641e-01
-4.959659558140853686e-01
-4.958103882629829595e-01
-4.956641187887937949e-01
-4.957476089275443254e-01
-4.961570505884068671e-01
-4.958546949805878734e-01
-4.959494739242051309e-01
-4.960556015938488161e-01
-4.958476766785075429e-01
-4.959028733774947795e-01
-4.957223760797077605e-01
-4.959661226462833139e-01
-4.960298545302124773e-01
-4.961054024180625022e-01
-4.961170338968834415e-01
-4.962604898678731891e-01
-4.959884190684454852e-01
-4.962378264538241934e-01
-4.960265580937293084e-01
-4.959595269200482992e-01
-4.958826042619756680e-01
-4.959910246208166229e-01
-4.959718726524400267e-01
-4.959127484708678035e-01
-4.961125315393377644e-01
-4.960677060097492541e-01
-4.959790428920232142e-01
-4.961111755136589085e-01
-4.960218806543787440e-01
-4.960393518554937486e-01
-4.960090967091100866e-01
-4.960846732727340336e-01
-4.960052755835220317e-01
-4.960639232731744452e-01
-4.961165418405926730e-01
-4.961034298807818765e-01
-4.960050460361608571e-01
-4.961855615567253852e-01
-4.959686851874572366e-01
-4.958853719845688901e-01
-4.958200161251090643e-01
-4.962206270079717041e-01
-4.958753167003604467e-01
-4.958748111257325064e-01
-4.958395903722985221e-01
-4.959494280333018312e-01
-4.963040454986956673e-01
-4.962213584785134524e-01
-4.960470424707292825e-01
-4.961230164325921566e-01
-4.960898128583025590e-01
-4.961703045330626560e-01
-4.961284449313214662e-01
-4.963866998239936379e-01
-4.961067363283973575e-01
-4.960707243369793518e-01
-4.960092245667931943e-01
