1.020408163265305479e+00
1.124716553287981258e+00
1.253968253968253288e+00
1.335600907029477646e+00
1.616780045351472905e+00
1.868480725623581806e+00
1.870748299319726859e+00
1.975056689342402638e+00
2.283446712018139646e+00
2.306122448979590622e+00
2.160997732426303219e+00
2.433106575963717599e+00
2.832199546485259400e+00
2.709750566893422974e+00
2.757369614512470868e+00
2.873015873015872135e+00
2.721088435374148240e+00
3.113378684807254881e+00
2.952380952380951218e+00
3.043083900226756455e+00
3.689342403628117051e+00
3.117913832199545876e+00
3.292517006802720303e+00
3.179138321995463645e+00
3.240362811791381858e+00
3.931972789115645295e+00
3.430839002267572990e+00
3.396825396825395860e+00
3.478458049886620440e+00
3.439909297052153203e+00
3.721088435374148240e+00
3.777777777777776791e+00
3.283446712018139646e+00
3.877551020408161797e+00
3.736961451247164057e+00
3.684807256235826944e+00
3.689342403628117051e+00
3.482993197278910547e+00
3.634920634920633997e+00
3.675736961451246287e+00
3.870748299319727082e+00
3.789115646258502501e+00
3.743764172335599660e+00
3.709750566893422974e+00
3.827664399092969738e+00
3.891156462585032560e+00
4.018140589569160426e+00
3.807256235827662927e+00
3.807256235827662927e+00
3.696145124716552655e+00
4.163265306122447384e+00
3.424036281179137386e+00
3.993197278911563952e+00
3.541950113378683707e+00
3.820861678004534134e+00
3.446712018140588363e+00
3.755102040816325371e+00
3.879818594104307294e+00
3.770975056689341631e+00
3.854875283446710821e+00
3.698412698412697264e+00
3.646258503401359263e+00
3.879818594104307294e+00
3.793650793650792608e+00
3.385487528344670149e+00
3.655328798185939920e+00
3.857142857142855874e+00
3.680272108843536394e+00
3.659863945578230471e+00
3.702947845804987370e+00
3.927437641723355188e+00
3.929705215419500242e+00
3.848072562358275661e+00
3.680272108843535950e+00
4.126984126984125645e+00
3.832199546485259845e+00
3.743764172335599216e+00
3.841269841269840057e+00
3.904761904761903768e+00
3.673469387755101234e+00
4.140589569160995964e+00
4.167800453514738379e+00
3.621315192743762790e+00
3.863945578231291478e+00
3.841269841269840057e+00
3.616780045351472683e+00
3.943310657596370561e+00
3.827664399092969294e+00
3.832199546485259845e+00
3.832199546485259845e+00
3.648526077097504761e+00
3.614512471655327630e+00
3.612244897959182133e+00
3.716553287981858578e+00
3.981859410430837798e+00
4.224489795918366930e+00
4.036281179138320852e+00
3.995464852607708561e+00
3.746031746031744714e+00
3.888888888888887951e+00
3.764172335600906028e+00
4.102040816326529615e+00
3.927437641723355188e+00
3.823129251700678743e+00
3.628117913832198838e+00
3.712018140589568027e+00
3.961451247165531875e+00
3.795918367346937661e+00
3.843537414965985111e+00
3.834467120181404454e+00
3.945578231292515614e+00
3.614512471655327630e+00
3.698412698412697264e+00
3.326530612244897434e+00
3.807256235827662927e+00
4.120181405895690929e+00
4.133786848072561249e+00
4.072562358276643479e+00
3.791383219954647998e+00
3.664399092970521021e+00
3.920634920634919585e+00
3.684807256235826944e+00
4.097505668934238621e+00
3.383219954648525096e+00
3.594104308390021707e+00
3.943310657596370561e+00
4.009070294784579325e+00
3.986394557823127460e+00
3.784580498866212395e+00
3.891156462585033449e+00
3.861678004535145980e+00
3.414965986394557174e+00
3.698412698412697264e+00
3.775510204081631294e+00
3.827664399092969738e+00
3.707482993197277921e+00
3.746031746031744714e+00
3.725623582766438791e+00
3.630385487528343447e+00
3.786848072562357004e+00
3.839002267573695448e+00
4.156462585034011781e+00
3.886621315192742898e+00
4.181405895691607810e+00
3.764172335600906028e+00
3.843537414965985555e+00
3.843537414965985555e+00
3.659863945578230027e+00
3.968253968253967034e+00
3.791383219954647110e+00
3.734693877551019003e+00
3.412698412698411676e+00
4.095238095238094012e+00
3.920634920634919585e+00
3.768707482993196578e+00
3.680272108843535950e+00
3.934240362811790792e+00
4.106575963718819722e+00
3.789115646258502501e+00
3.746031746031744714e+00
3.646258503401359263e+00
3.963718820861676928e+00
3.360544217687073676e+00
3.621315192743763234e+00
3.734693877551019003e+00
3.752834467120180761e+00
3.741496598639454607e+00
4.024943310657595141e+00
3.544217687074828760e+00
4.024943310657595141e+00
3.970521541950112088e+00
3.696145124716551766e+00
3.814058956916098531e+00
3.693877551020407157e+00
4.004535147392289218e+00
3.802721088435372820e+00
3.453514739229023967e+00
3.850340136054420270e+00
4.163265306122447384e+00
3.981859410430837798e+00
4.238095238095237249e+00
3.730158730158728897e+00
3.848072562358275661e+00
3.671201814058955737e+00
3.439909297052153203e+00
3.662131519274375524e+00
3.743764172335599216e+00
3.634920634920633997e+00
4.018140589569159538e+00
3.684807256235826944e+00
4.038548752834466349e+00
4.199546485260770012e+00
4.011337868480724822e+00
3.934240362811789904e+00
3.639455782312924104e+00
4.099773242630384118e+00
3.478458049886619996e+00
3.938775510204080010e+00
3.789115646258502501e+00
3.900226757369613662e+00
3.390022675736960256e+00
3.678004535147391341e+00
3.990929705215418455e+00
3.630385487528343891e+00
3.616780045351472683e+00
3.371882086167799830e+00
3.911564625850338928e+00
3.712018140589568027e+00
3.476190476190474943e+00
3.884353741496597845e+00
3.947845804988661111e+00
3.920634920634919585e+00
3.961451247165532319e+00
3.648526077097505205e+00
3.820861678004534134e+00
3.757369614512470868e+00
3.598639455782311813e+00
3.956916099773241324e+00
3.430839002267572102e+00
3.580498866213150944e+00
3.845804988662130164e+00
3.859410430839000927e+00
3.888888888888887951e+00
3.873015873015871691e+00
3.721088435374148240e+00
3.900226757369613662e+00
3.997732426303853615e+00
3.689342403628117051e+00
3.575963718820860393e+00
3.718820861678003187e+00
4.040816326530610958e+00
3.909297052154193874e+00
3.954648526077096715e+00
3.607709750566892026e+00
3.705215419501131979e+00
3.988662131519273402e+00
3.408163265306121570e+00
3.900226757369613662e+00
3.600907029478456867e+00
4.136054421768705858e+00
3.775510204081631738e+00
3.782312925170067341e+00
3.775510204081631294e+00
4.054421768707481277e+00
3.875283446712016744e+00
4.519274376417232730e+00
3.943310657596370561e+00
3.755102040816325815e+00
3.736961451247164501e+00
3.541950113378683707e+00
3.766439909297051525e+00
3.687074829931971998e+00
3.621315192743763234e+00
3.780045351473922288e+00
3.931972789115645295e+00
4.054421768707481277e+00
4.004535147392289218e+00
3.682539682539681447e+00
3.920634920634919585e+00
3.517006802721087233e+00
3.950113378684806165e+00
3.698412698412697264e+00
3.823129251700679188e+00
3.607709750566892026e+00
3.752834467120180317e+00
3.882086167800452792e+00
3.587301587301586103e+00
3.603174603174601920e+00
3.585034013605441050e+00
3.850340136054420270e+00
3.707482993197277921e+00
3.836734693877549951e+00
4.045351473922901953e+00
4.079365079365078195e+00
3.943310657596370561e+00
3.566893424036280180e+00
3.895691609977323555e+00
3.578231292517005890e+00
4.095238095238094012e+00
3.668934240362811128e+00
4.058956916099772272e+00
3.730158730158728897e+00
4.088435374149658408e+00
3.682539682539681447e+00
3.625850340136053340e+00
3.609977324263037524e+00
3.514739229024942180e+00
3.852607709750565768e+00
3.691609977324261660e+00
3.784580498866212395e+00
3.882086167800452348e+00
3.752834467120180761e+00
3.551020408163263919e+00
4.022675736961450532e+00
4.242630385487527356e+00
3.603174603174601920e+00
3.578231292517005890e+00
3.498866213151926807e+00
4.167800453514738379e+00
3.380952380952380043e+00
3.768707482993196578e+00
3.566893424036280180e+00
3.659863945578230471e+00
3.950113378684806165e+00
3.927437641723355188e+00
3.854875283446711265e+00
3.668934240362810684e+00
3.510204081632652073e+00
3.972789115646257585e+00
3.911564625850339372e+00
3.777777777777776791e+00
3.748299319727889767e+00
3.784580498866212395e+00
3.911564625850338928e+00
3.757369614512470868e+00
3.721088435374148684e+00
3.929705215419500242e+00
3.866213151927436531e+00
3.748299319727889767e+00
4.020408163265305035e+00
3.984126984126983739e+00
3.707482993197277477e+00
3.863945578231291478e+00
4.031746031746030745e+00
4.004535147392289218e+00
3.634920634920633997e+00
3.936507936507935401e+00
3.929705215419500686e+00
3.392290249433105753e+00
4.097505668934239509e+00
3.866213151927436531e+00
3.845804988662130164e+00
4.020408163265305035e+00
4.015873015873014928e+00
3.816326530612244028e+00
3.798185941043082714e+00
3.843537414965985555e+00
3.328798185941042043e+00
3.784580498866211951e+00
4.045351473922901064e+00
3.580498866213150500e+00
3.705215419501132423e+00
3.603174603174601920e+00
3.555555555555554470e+00
3.743764172335599660e+00
3.859410430839001371e+00
3.888888888888887951e+00
3.981859410430837798e+00
3.455782312925169020e+00
3.782312925170066897e+00
3.866213151927436531e+00
4.088435374149659296e+00
3.920634920634919585e+00
3.950113378684805721e+00
4.190476190476188911e+00
3.646258503401359707e+00
3.757369614512470868e+00
3.920634920634919585e+00
3.541950113378684151e+00
3.804988662131518318e+00
3.634920634920633997e+00
3.705215419501132867e+00
3.995464852607708561e+00
3.968253968253967034e+00
3.825396825396824241e+00
3.793650793650792608e+00
3.897959183673468608e+00
4.133786848072561249e+00
3.804988662131518318e+00
3.893424036281178058e+00
4.045351473922901064e+00
3.984126984126982851e+00
3.936507936507935401e+00
3.680272108843536394e+00
3.596371882086166316e+00
3.823129251700679188e+00
3.705215419501132867e+00
3.732426303854873950e+00
3.777777777777776791e+00
3.884353741496597845e+00
4.045351473922901953e+00
3.648526077097504761e+00
3.891156462585032560e+00
4.056689342403626775e+00
3.807256235827663815e+00
3.546485260770973813e+00
3.759637188208616365e+00
3.775510204081631738e+00
3.718820861678003187e+00
3.700680272108842317e+00
3.814058956916098531e+00
3.419501133786847280e+00
3.798185941043083158e+00
3.723356009070293737e+00
3.687074829931971998e+00
4.197278911564623627e+00
3.414965986394557174e+00
3.893424036281178058e+00
3.981859410430837798e+00
3.653061224489794867e+00
3.829931972789114791e+00
3.820861678004533690e+00
3.836734693877549951e+00
3.659863945578230027e+00
3.934240362811790348e+00
3.544217687074828760e+00
4.136054421768706746e+00
4.029478458049885248e+00
3.968253968253967034e+00
4.090702947845803905e+00
3.884353741496597845e+00
3.390022675736960700e+00
3.476190476190474943e+00
3.469387755102039339e+00
3.723356009070293737e+00
3.900226757369613662e+00
3.646258503401359707e+00
3.861678004535145980e+00
3.607709750566892026e+00
3.804988662131518318e+00
3.818594104308389081e+00
3.535147392290248547e+00
3.482993197278910547e+00
4.020408163265305035e+00
3.723356009070293737e+00
3.943310657596371005e+00
3.891156462585033449e+00
3.709750566893422974e+00
3.680272108843535950e+00
3.843537414965985111e+00
3.904761904761903768e+00
3.612244897959182133e+00
3.843537414965985111e+00
3.569160997732424789e+00
3.421768707482992333e+00
4.360544217687073676e+00
4.077097505668932698e+00
3.884353741496597401e+00
3.659863945578230027e+00
3.768707482993196134e+00
3.682539682539681447e+00
3.746031746031744714e+00
3.941043083900225508e+00
3.795918367346938105e+00
3.471655328798184836e+00
4.346938775510203357e+00
3.979591836734692745e+00
3.437641723356008150e+00
4.183673469387753308e+00
3.913832199546484425e+00
3.712018140589568027e+00
3.532879818594103050e+00
3.791383219954647998e+00
3.775510204081632182e+00
3.662131519274375524e+00
4.074829931972788089e+00
3.793650793650792608e+00
3.956916099773241324e+00
3.970521541950112532e+00
3.725623582766438791e+00
3.990929705215418011e+00
3.873015873015871691e+00
3.986394557823127904e+00
3.981859410430837798e+00
3.916099773242629478e+00
3.664399092970520577e+00
3.662131519274375524e+00
3.761904761904760974e+00
3.346938775510202468e+00
3.743764172335599660e+00
3.723356009070293737e+00
3.750566893424034820e+00
4.072562358276643479e+00
3.913832199546484425e+00
3.761904761904760974e+00
4.058956916099771384e+00
3.832199546485259400e+00
3.841269841269840057e+00
3.507936507936507020e+00
3.893424036281178502e+00
3.591836734693876210e+00
3.854875283446710821e+00
3.739229024943309110e+00
3.857142857142855874e+00
3.641723356009069601e+00
3.911564625850338928e+00
3.782312925170066897e+00
4.122448979591835538e+00
3.746031746031745158e+00
4.244897959183672853e+00
3.476190476190474943e+00
4.165532879818592882e+00
3.564625850340134683e+00
3.959183673469386822e+00
3.789115646258502501e+00
3.637188208616779495e+00
3.857142857142855874e+00
3.405895691609976073e+00
4.263038548752834167e+00
3.444444444444443310e+00
3.693877551020407157e+00
3.868480725623581584e+00
3.603174603174602364e+00
3.802721088435373265e+00
3.823129251700679632e+00
3.832199546485259400e+00
3.825396825396824241e+00
3.179138321995463645e+00
3.539682539682538653e+00
4.063492063492062378e+00
3.596371882086167204e+00
3.485260770975055156e+00
3.900226757369613662e+00
3.888888888888887951e+00
3.632653061224488944e+00
3.952380952380951218e+00
3.666666666666665630e+00
4.049886621315191171e+00
3.628117913832198393e+00
3.643990929705214210e+00
3.684807256235826944e+00
3.907029478458049265e+00
3.444444444444443310e+00
3.934240362811789904e+00
3.480725623582765493e+00
3.775510204081631738e+00
3.875283446712016744e+00
4.047619047619046562e+00
3.435374149659863097e+00
4.088435374149658408e+00
3.968253968253967034e+00
3.936507936507935401e+00
3.687074829931971554e+00
3.739229024943309110e+00
3.582766439909295997e+00
3.698412698412697264e+00
3.657596371882085418e+00
3.335600907029477202e+00
4.140589569160995964e+00
3.997732426303854059e+00
3.786848072562357004e+00
3.746031746031744714e+00
3.612244897959182133e+00
3.337868480725622256e+00
3.866213151927436531e+00
3.893424036281178058e+00
3.850340136054420270e+00
4.081632653061223692e+00
3.539682539682538653e+00
4.170068027210882988e+00
3.993197278911563508e+00
3.961451247165531875e+00
3.723356009070293293e+00
3.614512471655327630e+00
3.997732426303854059e+00
4.190476190476188911e+00
3.678004535147391341e+00
3.997732426303853615e+00
3.904761904761903768e+00
4.156462585034011781e+00
3.961451247165531431e+00
3.773242630385486684e+00
3.938775510204080899e+00
3.589569160997731156e+00
3.895691609977323111e+00
3.530612244897958441e+00
3.972789115646257585e+00
3.836734693877549951e+00
3.857142857142855874e+00
4.086167800453513799e+00
3.614512471655327630e+00
4.124716553287980148e+00
3.712018140589568471e+00
3.795918367346937661e+00
4.068027210884352485e+00
3.716553287981858134e+00
3.562358276643990074e+00
3.904761904761903768e+00
3.757369614512470424e+00
3.689342403628117051e+00
3.900226757369613662e+00
3.789115646258502501e+00
3.696145124716552655e+00
3.959183673469386822e+00
3.603174603174601920e+00
3.734693877551019003e+00
3.807256235827663815e+00
3.709750566893422974e+00
3.505668934240362411e+00
3.829931972789114347e+00
3.541950113378683263e+00
3.553287981859409861e+00
3.730158730158728897e+00
3.759637188208615921e+00
3.494331065759636257e+00
3.888888888888887951e+00
3.759637188208615477e+00
3.904761904761903768e+00
4.011337868480724822e+00
3.800453514739228211e+00
